DefaultE=6221.68489139915;	
DefaultE_end=2830.16646655570;
DefaultRetractE=DefaultE-DefaultE_end

OptiE=6053.27734964807;
OptiE_end=2951.57905035205;
OptiRetractE=OptiE-OptiE_end
